ERROR:root:Metric tensor failed verification: {(1, 1): array([[[[-0.999975  , -0.999975  , -0.999975  , ..., -1.        ,
          -1.        , -1.        ],
         [-0.999975  , -0.999975  , -0.999975  , ..., -1.        ,
          -1.        , -1.        ],
         [-0.999975  , -0.999975  , -0.999975  , ..., -1.        ,
          -1.        , -1.        ],
         ...,
         [-1.        , -1.        , -1.        , ..., -0.99997619,
          -0.99997604, -0.9999759 ],
         [-1.        , -1.        , -1.        , ..., -0.99997604,
          -0.99997591, -0.99997579],
         [-1.        , -1.        , -1.        , ..., -0.9999759 ,
          -0.99997579, -0.99997568]],

        [[-0.999975  , -0.999975  , -0.999975  , ..., -1.        ,
          -1.        , -1.        ],
         [-0.999975  , -0.999975  , -0.999975  , ..., -1.        ,
          -1.        , -1.        ],
         [-0.999975  , -0.999975  , -0.999975  , ..., -1.        ,
          -1.        , -1.        ],
         ...,
         [-1.        , -1.        , -1.        , ..., -0.99997619,
          -0.99997604, -0.9999759 ],
         [-1.        , -1.        , -1.        , ..., -0.99997604,
          -0.9999759 , -0.99997578],
         [-1.        , -1.        , -1.        , ..., -0.9999759 ,
          -0.99997578, -0.99997568]],

        [[-0.999975  , -0.999975  , -0.999975  , ..., -1.        ,
          -1.        , -1.        ],
         [-0.999975  , -0.999975  , -0.999975  , ..., -1.        ,
          -1.        , -1.        ],
         [-0.999975  , -0.999975  , -0.999975  , ..., -1.        ,
          -1.        , -1.        ],
         ...,
         [-1.        , -1.        , -1.        , ..., -0.99997619,
          -0.99997603, -0.9999759 ],
         [-1.        , -1.        , -1.        , ..., -0.99997603,
          -0.9999759 , -0.99997578],
         [-1.        , -1.        , -1.        , ..., -0.9999759 ,
          -0.99997578, -0.99997568]],

        ...,

        [[-1.        , -1.        , -1.        , ..., -0.99997619,
          -0.99997604, -0.9999759 ],
         [-1.        , -1.        , -1.        , ..., -0.99997619,
          -0.99997604, -0.9999759 ],
         [-1.        , -1.        , -1.        , ..., -0.99997619,
          -0.99997603, -0.9999759 ],
         ...,
         [-0.99997619, -0.99997619, -0.99997619, ..., -0.999975  ,
          -0.999975  , -0.999975  ],
         [-0.99997604, -0.99997604, -0.99997603, ..., -0.999975  ,
          -0.999975  , -0.999975  ],
         [-0.9999759 , -0.9999759 , -0.9999759 , ..., -0.999975  ,
          -0.999975  , -0.999975  ]],

        [[-1.        , -1.        , -1.        , ..., -0.99997604,
          -0.99997591, -0.99997579],
         [-1.        , -1.        , -1.        , ..., -0.99997604,
          -0.9999759 , -0.99997578],
         [-1.        , -1.        , -1.        , ..., -0.99997603,
          -0.9999759 , -0.99997578],
         ...,
         [-0.99997604, -0.99997604, -0.99997603, ..., -0.999975  ,
          -0.999975  , -0.999975  ],
         [-0.99997591, -0.9999759 , -0.9999759 , ..., -0.999975  ,
          -0.999975  , -0.999975  ],
         [-0.99997579, -0.99997578, -0.99997578, ..., -0.999975  ,
          -0.999975  , -0.999975  ]],

        [[-1.        , -1.        , -1.        , ..., -0.9999759 ,
          -0.99997579, -0.99997568],
         [-1.        , -1.        , -1.        , ..., -0.9999759 ,
          -0.99997578, -0.99997568],
         [-1.        , -1.        , -1.        , ..., -0.9999759 ,
          -0.99997578, -0.99997568],
         ...,
         [-0.9999759 , -0.9999759 , -0.9999759 , ..., -0.999975  ,
          -0.999975  , -0.999975  ],
         [-0.99997579, -0.99997578, -0.99997578, ..., -0.999975  ,
          -0.999975  , -0.999975  ],
         [-0.99997568, -0.99997568, -0.99997568, ..., -0.999975  ,
          -0.999975  , -0.999975  ]]]]), (1, 2): array([[[[5.00000000e-01, 5.00000000e-01, 5.00000000e-01, ...,
          4.92468476e-03, 1.22338533e-03, 1.19209290e-07],
         [5.00000000e-01, 5.00000000e-01, 5.00000000e-01, ...,
          4.84964252e-03, 1.18628144e-03, 7.74860382e-07],
         [5.00000000e-01, 5.00000000e-01, 5.00000000e-01, ...,
          4.72575426e-03, 1.12566352e-03, 3.12924385e-06],
         ...,
         [4.92468476e-03, 4.84964252e-03, 4.72575426e-03, ...,
          4.87934178e-01, 4.89490096e-01, 4.90874830e-01],
         [1.22338533e-03, 1.18628144e-03, 1.12566352e-03, ...,
          4.89490096e-01, 4.90861779e-01, 4.92079943e-01],
         [1.19209290e-07, 7.74860382e-07, 3.12924385e-06, ...,
          4.90874830e-01, 4.92079943e-01, 4.93147913e-01]],

        [[5.00000000e-01, 5.00000000e-01, 5.00000000e-01, ...,
          4.84964252e-03, 1.18628144e-03, 7.74860382e-07],
         [5.00000000e-01, 5.00000000e-01, 5.00000000e-01, ...,
          4.77507710e-03, 1.14974380e-03, 1.99675560e-06],
         [5.00000000e-01, 5.00000000e-01, 5.00000000e-01, ...,
          4.65220213e-03, 1.09010935e-03, 5.27501106e-06],
         ...,
         [4.84964252e-03, 4.77507710e-03, 4.65220213e-03, ...,
          4.87959360e-01, 4.89512314e-01, 4.90894380e-01],
         [1.18628144e-03, 1.14974380e-03, 1.09010935e-03, ...,
          4.89512314e-01, 4.90881354e-01, 4.92097120e-01],
         [7.74860382e-07, 1.99675560e-06, 5.27501106e-06, ...,
          4.90894380e-01, 4.92097120e-01, 4.93162949e-01]],

        [[5.00000000e-01, 5.00000000e-01, 5.00000000e-01, ...,
          4.72575426e-03, 1.12566352e-03, 3.12924385e-06],
         [5.00000000e-01, 5.00000000e-01, 5.00000000e-01, ...,
          4.65220213e-03, 1.09010935e-03, 5.27501106e-06],
         [5.00000000e-01, 5.00000000e-01, 5.00000000e-01, ...,
          4.53090668e-03, 1.03208423e-03, 1.01029873e-05],
         ...,
         [4.72575426e-03, 4.65220213e-03, 4.53090668e-03, ...,
          4.88001211e-01, 4.89549261e-01, 4.90926865e-01],
         [1.12566352e-03, 1.09010935e-03, 1.03208423e-03, ...,
          4.89549261e-01, 4.90913880e-01, 4.92125667e-01],
         [3.12924385e-06, 5.27501106e-06, 1.01029873e-05, ...,
          4.90926865e-01, 4.92125667e-01, 4.93187938e-01]],

        ...,

        [[4.92468476e-03, 4.84964252e-03, 4.72575426e-03, ...,
          4.87934178e-01, 4.89490096e-01, 4.90874830e-01],
         [4.84964252e-03, 4.77507710e-03, 4.65220213e-03, ...,
          4.87959360e-01, 4.89512314e-01, 4.90894380e-01],
         [4.72575426e-03, 4.65220213e-03, 4.53090668e-03, ...,
          4.88001211e-01, 4.89549261e-01, 4.90926865e-01],
         ...,
         [4.87934178e-01, 4.87959360e-01, 4.88001211e-01, ...,
          4.99997381e-01, 4.99997862e-01, 4.99998260e-01],
         [4.89490096e-01, 4.89512314e-01, 4.89549261e-01, ...,
          4.99997862e-01, 4.99998256e-01, 4.99998582e-01],
         [4.90874830e-01, 4.90894380e-01, 4.90926865e-01, ...,
          4.99998260e-01, 4.99998582e-01, 4.99998848e-01]],

        [[1.22338533e-03, 1.18628144e-03, 1.12566352e-03, ...,
          4.89490096e-01, 4.90861779e-01, 4.92079943e-01],
         [1.18628144e-03, 1.14974380e-03, 1.09010935e-03, ...,
          4.89512314e-01, 4.90881354e-01, 4.92097120e-01],
         [1.12566352e-03, 1.09010935e-03, 1.03208423e-03, ...,
          4.89549261e-01, 4.90913880e-01, 4.92125667e-01],
         ...,
         [4.89490096e-01, 4.89512314e-01, 4.89549261e-01, ...,
          4.99997862e-01, 4.99998256e-01, 4.99998582e-01],
         [4.90861779e-01, 4.90881354e-01, 4.90913880e-01, ...,
          4.99998256e-01, 4.99998579e-01, 4.99998846e-01],
         [4.92079943e-01, 4.92097120e-01, 4.92125667e-01, ...,
          4.99998582e-01, 4.99998846e-01, 4.99999063e-01]],

        [[1.19209290e-07, 7.74860382e-07, 3.12924385e-06, ...,
          4.90874830e-01, 4.92079943e-01, 4.93147913e-01],
         [7.74860382e-07, 1.99675560e-06, 5.27501106e-06, ...,
          4.90894380e-01, 4.92097120e-01, 4.93162949e-01],
         [3.12924385e-06, 5.27501106e-06, 1.01029873e-05, ...,
          4.90926865e-01, 4.92125667e-01, 4.93187938e-01],
         ...,
         [4.90874830e-01, 4.90894380e-01, 4.90926865e-01, ...,
          4.99998260e-01, 4.99998582e-01, 4.99998848e-01],
         [4.92079943e-01, 4.92097120e-01, 4.92125667e-01, ...,
          4.99998582e-01, 4.99998846e-01, 4.99999063e-01],
         [4.93147913e-01, 4.93162949e-01, 4.93187938e-01, ...,
          4.99998848e-01, 4.99999063e-01, 4.99999241e-01]]]]), (2, 1): array([[[[5.00000000e-01, 5.00000000e-01, 5.00000000e-01, ...,
          4.92468476e-03, 1.22338533e-03, 1.19209290e-07],
         [5.00000000e-01, 5.00000000e-01, 5.00000000e-01, ...,
          4.84964252e-03, 1.18628144e-03, 7.74860382e-07],
         [5.00000000e-01, 5.00000000e-01, 5.00000000e-01, ...,
          4.72575426e-03, 1.12566352e-03, 3.12924385e-06],
         ...,
         [4.92468476e-03, 4.84964252e-03, 4.72575426e-03, ...,
          4.87934178e-01, 4.89490096e-01, 4.90874830e-01],
         [1.22338533e-03, 1.18628144e-03, 1.12566352e-03, ...,
          4.89490096e-01, 4.90861779e-01, 4.92079943e-01],
         [1.19209290e-07, 7.74860382e-07, 3.12924385e-06, ...,
          4.90874830e-01, 4.92079943e-01, 4.93147913e-01]],

        [[5.00000000e-01, 5.00000000e-01, 5.00000000e-01, ...,
          4.84964252e-03, 1.18628144e-03, 7.74860382e-07],
         [5.00000000e-01, 5.00000000e-01, 5.00000000e-01, ...,
          4.77507710e-03, 1.14974380e-03, 1.99675560e-06],
         [5.00000000e-01, 5.00000000e-01, 5.00000000e-01, ...,
          4.65220213e-03, 1.09010935e-03, 5.27501106e-06],
         ...,
         [4.84964252e-03, 4.77507710e-03, 4.65220213e-03, ...,
          4.87959360e-01, 4.89512314e-01, 4.90894380e-01],
         [1.18628144e-03, 1.14974380e-03, 1.09010935e-03, ...,
          4.89512314e-01, 4.90881354e-01, 4.92097120e-01],
         [7.74860382e-07, 1.99675560e-06, 5.27501106e-06, ...,
          4.90894380e-01, 4.92097120e-01, 4.93162949e-01]],

        [[5.00000000e-01, 5.00000000e-01, 5.00000000e-01, ...,
          4.72575426e-03, 1.12566352e-03, 3.12924385e-06],
         [5.00000000e-01, 5.00000000e-01, 5.00000000e-01, ...,
          4.65220213e-03, 1.09010935e-03, 5.27501106e-06],
         [5.00000000e-01, 5.00000000e-01, 5.00000000e-01, ...,
          4.53090668e-03, 1.03208423e-03, 1.01029873e-05],
         ...,
         [4.72575426e-03, 4.65220213e-03, 4.53090668e-03, ...,
          4.88001211e-01, 4.89549261e-01, 4.90926865e-01],
         [1.12566352e-03, 1.09010935e-03, 1.03208423e-03, ...,
          4.89549261e-01, 4.90913880e-01, 4.92125667e-01],
         [3.12924385e-06, 5.27501106e-06, 1.01029873e-05, ...,
          4.90926865e-01, 4.92125667e-01, 4.93187938e-01]],

```
Why does this show up with numbers near zero or .5? Why would this happen? We be close to a solution. 

The issue you're encountering with the metric tensor verification is related to the numerical values being close to zero or 0.5 in some entries. Let's break down the possible reasons and what they signify.

### Understanding the Metric Tensor
The metric tensor in a physical or mathematical context, especially in general relativity or differential geometry, is a tensor that defines the distance between two points in a space. For a proper metric tensor, certain properties must be upheld:

1. **Symmetry**: The metric tensor should be symmetric, i.e., \( g_{ij} = g_{ji} \).
2. **Positive-definiteness**: For spatial metrics, \( g_{ij} v^i v^j \) should be positive for any non-zero vector \( v \).
3. **Consistency with the manifold's dimensionality**: The tensor should respect the dimensions and coordinate system of the space it describes.

### Analyzing Your Metric Tensor
In your tensor, elements like \( (1,1) \), \( (1,2) \), and \( (2,1) \) have entries that are close to zero or 0.5. Here are potential reasons why this might happen:

1. **Numerical Precision and Stability**:
   - **Near-zero Values**: Values close to zero could indicate numerical precision issues. These can arise from calculations that involve subtraction of nearly equal numbers, leading to a loss of significance.
   - **Values near 0.5**: Depending on the context, such values might be the result of averaging or intermediate steps that didn't correctly account for scale or normalization factors.

2. **Coordinate System and Basis Choice**:
   - If the metric tensor is being computed in a coordinate system or basis that is not orthonormal, or if the coordinates are improperly scaled, this can lead to unexpected entries.
   - Verify the coordinate system and the basis vectors used. For example, in an orthonormal basis, diagonal elements should typically reflect the scale (e.g., 1 for normalized units).

3. **Implementation Bugs**:
   - There might be a bug in the code that calculates or assembles the metric tensor. Ensure that the algorithm correctly handles indices and performs necessary mathematical operations accurately.
   - Check if there's any inadvertent overwriting or memory corruption affecting the tensor values.

4. **Initial Conditions or Boundary Values**:
   - The initial conditions or boundary values in a simulation or computational framework might be causing these entries. Ensure that boundary conditions are consistent with the expected geometry and physics.

### Steps to Diagnose and Fix

1. **Print Intermediate Results**: Trace through the steps of your calculation and print intermediate results to identify where values start deviating unexpectedly.
2. **Validate Input Data**: Ensure all input data to the metric tensor computation is correct and within expected ranges.
3. **Check Coordinate Transformations**: If the tensor involves transformations between coordinate systems, validate those transformations.
4. **Increase Precision**: If working with floating-point arithmetic, consider using higher precision (e.g., double instead of float) to see if the issue persists.
5. **Simplified Tests**: Create simplified test cases with known results to verify that the metric tensor calculation works correctly in controlled scenarios.

### Example Check
For a 2D space metric tensor, in a Cartesian coordinate system, a flat space metric tensor should look like:

\[ g_{ij} = \begin{pmatrix} 1 & 0 \\ 0 & 1 \end{pmatrix} \]

If you're seeing values close to 0.5 instead of 1 or 0, investigate:

- Any averaging or scaling applied during computation.
- Consistency in the definition and use of basis vectors.

### Conclusion
The unexpected values near zero or 0.5 likely stem from numerical precision issues, incorrect coordinate system handling, or bugs in the implementation. By systematically checking each step of the computation and validating against known benchmarks, you can identify and correct the source of the discrepancy.
